3.307303
4.189651
9.418878
11.27591
12.17341
13.06124
14.85225
17.395
18.34033
19.19703
20.10286
22.73612
23.65758
24.49211
27.08938
32.42071
34.11126
37.72317
41.43053
49.11952
49.99086
51.82189
53.56414
57.10844
58.89635
62.41036
64.16735
67.27681
68.99618
72.9862
74.7969
78.23339
79.89278
82.56054
84.34392
87.01917
90.56651
97.65276
99.4397
101.2957
104.6506
106.4276
108.241
109.1486
110.0562
115.3126
117.0961
118.8914
122.4096
124.1964
125.9525
129.528
131.2364
134.7788
136.5128
138.2646
141.269
142.7224
144.4596
145.3703
146.2117
148.4952
149.0872
149.657
153.7709
156.0667
159.3893
161.1814
163.0007
166.5495
168.3359
171.7987
173.6211
177.4724