2.767277
4.904217
5.817928
8.00067
9.269075
9.719772
10.63667
11.97852
12.44961
13.37221
14.23745
15.09026
16.90576
17.80051
18.66781
19.50779
20.3362
22.11114
23.91717
27.70593
28.71985
32.68975
34.02503
35.41018
39.16931
40.21844
43.14989
48.52475
49.43944
50.37751
53.43138
54.53479
55.19215
56.57822
57.42133
58.17873
61.81579
62.2209
62.66198
63.57824
65.78828
66.12472
66.33878
66.66917
67.11739
68.67738
68.86798
69.26418
69.75691
70.71049
71.5144
73.12159
73.31934
73.65732
74.1572
75.09812
77.72044
78.55843
78.92307
80.0533
80.49431
82.91205
83.95058
86.57935
87.43285
90.9604
91.88764
92.7338
93.62608
97.11507
97.99531
101.8074
105.9882
106.8393
107.6651
110.336
112.1272
112.7969
113.0339
115.1585
117.394
117.7966
118.785
119.2233
122.255
122.6875
123.648
124.5176
124.8824
127.1359
128.0425
128.9156
129.8545
130.7025
131.5431
133.2783
134.2221
135.1119
138.5993
138.9897
139.4081
140.2373
145.424
146.3314
147.1294
150.9225
154.0014
155.8636
159.779
160.6361
161.515
162.3846
163.2741
166.8263
167.7088
168.5706
169.4684
173.0115
173.8896
174.7512